{"m047": {"entering_face_nums": [0, 1, 2, 3, 0, 2, 2, 3, 0, 1, 1, 1, 0, 3, 3, 0, 3, 2, 1, 2], "flat_geometries": [["(0, 0)", [[0.6407785474792239, 0.7677257668532533, -0.6407785474792239, 0.6407785474792239], [0.7245820273088422, 0.6891885704950482, 0.7245820273088422, 0.7245820273088422], [-0.9978975437048656, -0.06481120480129716, 0.0, 0.0], [0.0, -1.0, 0.0, 0.0], [0.6407785474792239, 0.7677257668532533, -0.6407785474792239, 0.6407785474792239], [0.7245820273088422, 0.6891885704950482, 0.7245820273088422, 0.7245820273088422], [-0.9978975437048656, -0.06481120480129716, 0.0, 0.0], [0.0, -1.0, 0.0, 0.0], [0.9838844034932022, 0.1788057061808317, -0.9838844034932022, 0.9838844034932022], [0.4969898212777026, 0.8677563699255438, 0.4969898212777026, 0.4969898212777026], [-0.9426365743598651, 0.3338207433325535, 0.0, 0.0], [0.0, -1.0, 0.0, 0.0], [0.23021589378875593, 0.9731395800433996, -0.23021589378875593, 0.23021589378875593], [0.7056173970582008, -0.7085930348012244, 0.7056173970582008, 0.7056173970582008], [-0.5235348386052833, 0.8520042680447909, 0.0, 0.0], [0.0, -1.0, 0.0, 0.0], [0.17466376232006744, 0.9846281379953545, -0.17466376232006744, 0.17466376232006744], [0.0997667494722298, 0.9950108520512453, 0.0997667494722298, 0.0997667494722298], [-0.2720254877352572, -0.9622900467231257, 0.0, 0.0], [0.0, -1.0, 0.0, 0.0]], [[-1.0, 5.551115123125784e-17, 0.9426847091043672, 0.9426847091043672, -5.551115123125784e-17, -1.0, 0.882483023989969, 0.882483023989969, 0.9426847091043671, 0.8824830239899689, 0.16628462579516748, -0.8337153742048325, -0.9426847091043671, -0.8824830239899689, 0.8337153742048328, 1.8337153742048327], [-0.9581576643802148, 0.28624096525384285, -1.2322485016951725, 1.2322485016951725, -0.28624096525384285, -0.9581576643802148, -1.0602133834166398, 1.0602133834166398, -0.9130706052351578, -0.40796408326622186, 0.30749638682881303, 0.30771196156880426, -0.9130706052351578, -0.40796408326622186, -1.317969201544001, 1.9331775499416182], [-0.9915990154644087, -0.12934988415153478, 0.0, 0.0, -0.12934988415153478, 0.9915990154644087, 0.0, 0.0, 0.0, 0.0, -1.0303667129159708, 0.24830538271504016, 0.0, 0.0, -0.24830538271504016, 1.0303667129159708], [-1.0, 0.0, -1.0, 1.0, 0.0, -1.0, 0.0, 0.0, -1.0, 0.0, 0.5, 0.5, -1.0, 0.0, -0.5, 1.5], [-1.0, 5.551115123125784e-17, 0.9426847091043672, 0.9426847091043672, -5.551115123125784e-17, -1.0, 0.882483023989969, 0.882483023989969, 0.9426847091043671, 0.8824830239899689, 0.16628462579516748, -0.8337153742048325, -0.9426847091043671, -0.8824830239899689, 0.8337153742048328, 1.8337153742048327], [0.4843712713112451, 0.40777384221777846, 0.9130829609640905, -0.4843712713112451, -0.8028139555566769, -0.9130829609640905, 0.40777384221777846, 0.8028139555566769, 1.294985199761264, -0.366008334896575, -0.04519484651505241, -0.9016603257136266, -1.2474423607160974, -0.366008334896575, -0.04519484651505235, 1.640767234763735], [-0.9915990154644087, -0.12934988415153478, 0.0, 0.0, -0.12934988415153478, 0.9915990154644087, 0.0, 0.0, 0.0, 0.0, -1.0303667129159708, 0.24830538271504016, 0.0, 0.0, -0.24830538271504016, 1.0303667129159708], [-1.0, 0.0, -1.0, 1.0, 0.0, -1.0, 0.0, 0.0, -1.0, 0.0, 0.5, 0.5, -1.0, 0.0, -0.5, 1.5], [-0.40050873715718255, 0.9162929397636753, 1.1111137698069835, 1.1111137698069835, -0.9162929397636753, -0.40050873715718255, 1.3529415635248625, 1.3529415635248625, 0.6590259213782719, -0.18629710273277147, 0.8742746521758334, 0.4830920646960368, -0.6590259213782719, 0.18629710273277147, 1.6820763511817651, 2.073258938661562], [-0.9581576643802148, -0.28624096525384285, -0.9130706052351578, 0.9130706052351578, 0.28624096525384285, -0.9581576643802148, -0.40796408326622174, 0.40796408326622174, -1.2322485016951725, -1.0602133834166396, 0.30749638682881303, 1.317969201544001, -1.2322485016951725, -1.0602133834166396, -0.30771196156880404, 1.9331775499416182], [0.4843712713112452, -0.8028139555566769, 1.2949851997612636, 1.2474423607160974, 0.40777384221777846, -0.9130829609640901, -0.3660083348965751, 0.3660083348965751, 0.9130829609640901, 0.40777384221777846, -0.045194846515052414, 0.045194846515052414, 0.4843712713112452, -0.8028139555566769, 0.9016603257136263, 1.6407672347637348], [-1.5880603665343322, 0.7056173970582007, 0.7085930348012243, 1.5880603665343322, -0.7056173970582007, -0.7085930348012243, 0.7056173970582007, 0.7056173970582007, -0.7085930348012243, 0.7056173970582007, 1.8456449341928318, 1.8456449341928318, -1.5880603665343322, 0.7056173970582007, 1.8456449341928318, 2.72511226592594], [-0.4005087371571826, -0.916292939763676, 0.6590259213782723, 0.6590259213782723, 0.916292939763676, -0.4005087371571826, -0.18629710273277172, -0.18629710273277172, 1.1111137698069846, 1.3529415635248638, 0.8742746521758337, -1.6820763511817671, -1.1111137698069846, -1.3529415635248638, -0.48309206469603705, 2.0732589386615636], [-1.588060366534333, -0.7056173970582009, -0.7085930348012245, 1.588060366534333, 0.7056173970582009, -0.7085930348012245, 0.7056173970582009, -0.7056173970582009, 0.7085930348012245, 0.7056173970582009, 1.8456449341928327, -1.8456449341928327, -1.588060366534333, -0.7056173970582009, -1.8456449341928327, 2.7251122659259406], [0.8520042680447909, 0.5235348386052834, 0.0, 0.0, -0.5235348386052834, 0.8520042680447909, 0.0, 0.0, 0.0, 0.0, 1.6956431651519666, -1.3693815186158238, 0.0, 0.0, -1.3693815186158238, 1.6956431651519666], [0.2511178312749372, 0.17466376232006747, 0.9846281379953545, -0.2511178312749372, -0.17466376232006747, 0.9846281379953545, -0.17466376232006747, 0.17466376232006747, -0.9846281379953545, -0.17466376232006747, 0.378679222293936, -0.378679222293936, 0.2511178312749372, 0.17466376232006747, -0.3786792222939361, 1.1121895290143533], [0.25111783127493725, -0.1746637623200675, -0.9846281379953545, -0.25111783127493725, 0.1746637623200675, 0.9846281379953545, -0.1746637623200675, -0.1746637623200675, 0.9846281379953545, -0.1746637623200675, 0.3786792222939361, 0.3786792222939361, 0.25111783127493725, -0.1746637623200675, 0.3786792222939361, 1.1121895290143533], [0.3053960286448261, 0.36667286234216023, -0.9303499406254656, -0.3053960286448261, 0.017345337702025346, 0.9303499406254656, 0.36667286234216023, -0.017345337702025346, 1.3257018552653446, -0.056986086684742726, 0.12354850657464558, -0.880906951162518, -0.9225253406308173, -0.056986086684742726, 0.12354850657464558, 1.3673202447336439], [0.30539602864482623, 0.01734533770202534, 1.3257018552653446, 0.9225253406308174, 0.36667286234216023, 0.9303499406254655, -0.05698608668474272, 0.05698608668474272, -0.9303499406254655, 0.36667286234216023, 0.12354850657464568, -0.12354850657464568, 0.30539602864482623, 0.01734533770202534, 0.880906951162518, 1.3673202447336439], [0.8520042680447908, -0.5235348386052833, 0.0, 0.0, 0.5235348386052833, 0.8520042680447908, 0.0, 0.0, 0.0, 0.0, 1.6956431651519663, 1.3693815186158234, 0.0, 0.0, 1.3693815186158234, 1.6956431651519663]]], ["(23, -11)", [[0.7211963661356604, 0.6927306846623142, -0.7211963661356604, 0.7211963661356604], [0.6808703786924771, 0.732403937331827, 0.6808703786924771, 0.6808703786924771], [-0.9998668617450922, -0.01631743803482567, 0.0, 0.0], [0.0, -1.0, 0.0, 0.0], [0.5563289320617973, 0.8309621648131641, -0.5563289320617973, 0.5563289320617973], [0.7639543220993842, 0.6452703261003643, 0.7639543220993842, 0.7639543220993842], [-0.9937996887206607, -0.11118533490851028, 0.0, 0.0], [0.0, -1.0, 0.0, 0.0], [0.984673015664099, 0.17441058518039793, -0.984673015664099, 0.984673015664099], [0.49338548623753253, 0.8698107621604562, 0.49338548623753253, 0.49338548623753253], [-0.9425308376078282, 0.33411917059379576, 0.0, 0.0], [0.0, -1.0, 0.0, 0.0], [0.23028933605685076, 0.9731222028596896, -0.23028933605685076, 0.23028933605685076], [0.7075196468439842, -0.7066936743241473, 0.7075196468439842, 0.7075196468439842], [-0.5257590602476433, 0.8506335348242009, 0.0, 0.0], [0.0, -1.0, 0.0, 0.0], [0.17556066406168297, 0.9844686146516916, -0.17556066406168297, 0.17556066406168297], [0.10016012933916167, 0.9949713304868448, 0.10016012933916167, 0.10016012933916167], [-0.27328233127646545, -0.9619338685232475, 0.0, 0.0], [0.0, -1.0, 0.0, 0.0]], [[-0.9768553935386028, 0.21390077165485277, 0.8854529023398605, 0.8854529023398605, -0.21390077165485277, -0.9768553935386028, 1.0308769257164272, 1.0308769257164272, 0.9615447025582818, 0.7242766866550843, 0.1894039260783315, -0.6964328977466874, -0.9615447025582818, -0.7242766866550843, 0.9394721525678776, 1.8253089763928965], [-0.9729843897958361, 0.23087091028023532, -1.2154671356725333, 1.2154671356725333, -0.23087091028023532, -0.9729843897958361, -0.9149006987249851, 0.9149006987249851, -0.9623484034880886, -0.42085947952694974, 0.2704474516125798, 0.41997496983452076, -0.9623484034880886, -0.42085947952694974, -1.1779411999379243, 1.8683636213850252], [-0.9918531161516259, -0.12738679672677763, 0.0, 0.0, -0.12738679672677763, 0.9918531161516259, 0.0, 0.0, 0.0, 0.0, -1.0338880460334763, 0.262534743854827, 0.0, 0.0, -0.262534743854827, 1.0338880460334763], [-1.0, 0.0, -1.0, 1.0, 0.0, -1.0, 0.0, 0.0, -1.0, 0.0, 0.5, 0.5, -1.0, 0.0, -0.5, 1.5], [-0.9768553935386028, -0.21390077165485274, 0.9615447025582816, 0.9615447025582816, 0.21390077165485274, -0.9768553935386028, 0.7242766866550839, 0.7242766866550839, 0.8854529023398606, 1.0308769257164274, 0.18940392607833173, -0.9394721525678779, -0.8854529023398606, -1.0308769257164274, 0.6964328977466867, 1.8253089763928962], [0.5615679597612216, 0.3529353964714608, 0.9356476932678948, -0.5615679597612216, -0.7023218757393812, -0.9356476932678948, 0.3529353964714608, 0.7023218757393812, 1.1600456517442854, -0.38279100643177266, -0.12421710728796306, -0.7125059708373418, -1.0743930866788411, -0.38279100643177266, -0.12421710728796306, 1.5219327675857848], [-0.9918531161516257, -0.1273867967267778, 0.0, 0.0, -0.1273867967267778, 0.9918531161516257, 0.0, 0.0, 0.0, 0.0, -1.0338880460334763, 0.2625347438548269, 0.0, 0.0, -0.2625347438548269, 1.0338880460334763], [-1.0, 0.0, -1.0, 1.0, 0.0, -1.0, 0.0, 0.0, -1.0, 0.0, 0.5, 0.5, -1.0, 0.0, -0.5, 1.5], [-0.396482507863179, 0.9180422762370612, 1.1082510025185468, 1.1082510025185468, -0.9180422762370612, -0.396482507863179, 1.357971716523265, 1.357971716523265, 0.6558682643622817, -0.18633007336599597, 0.8823242118661809, 0.4933336510754623, -0.6558682643622817, 0.18633007336599597, 1.6884322557644365, 2.077422816555155], [-0.972984389795836, -0.23087091028023518, -0.9623484034880884, 0.9623484034880884, 0.23087091028023518, -0.972984389795836, -0.42085947952694946, 0.42085947952694946, -1.2154671356725335, -0.9149006987249847, 0.27044745161258005, 1.1779411999379243, -1.2154671356725335, -0.9149006987249847, -0.41997496983452054, 1.8683636213850248], [0.5615679597612216, -0.7023218757393812, 1.1600456517442856, 1.0743930866788414, 0.352935396471461, -0.9356476932678948, -0.3827910064317727, 0.3827910064317727, 0.9356476932678948, 0.352935396471461, -0.12421710728796304, 0.12421710728796304, 0.5615679597612216, -0.7023218757393812, 0.7125059708373419, 1.521932767585785], [-1.5827197990984103, 0.7075196468439837, 0.7066936743241469, 1.5827197990984103, -0.7075196468439837, -0.7066936743241469, 0.7075196468439837, 0.7075196468439837, -0.7066936743241469, 0.7075196468439837, 1.8482121424607925, 1.8482121424607925, -1.5827197990984103, 0.7075196468439837, 1.8482121424607925, 2.724238267235056], [-0.396482507863179, -0.9180422762370612, 0.6558682643622817, 0.6558682643622817, 0.9180422762370612, -0.396482507863179, -0.18633007336599602, -0.18633007336599602, 1.1082510025185468, 1.3579717165232648, 0.8823242118661809, -1.6884322557644362, -1.1082510025185468, -1.3579717165232648, -0.49333365107546223, 2.077422816555155], [-1.5827197990984112, -0.7075196468439842, -0.7066936743241472, 1.5827197990984112, 0.7075196468439842, -0.7066936743241472, 0.7075196468439842, -0.7075196468439842, 0.7066936743241472, 0.7075196468439842, 1.848212142460794, -1.848212142460794, -1.5827197990984112, -0.7075196468439842, -1.848212142460794, 2.724238267235058], [0.8506335348242009, 0.5257590602476432, 0.0, 0.0, -0.5257590602476432, 0.8506335348242009, 0.0, 0.0, 0.0, 0.0, 1.6988978618149613, -1.3734096056455434, 0.0, 0.0, -1.3734096056455434, 1.6988978618149613], [0.25145284395530587, 0.17556066406168297, 0.9844686146516917, -0.25145284395530587, -0.17556066406168297, 0.9844686146516917, -0.17556066406168297, 0.17556066406168297, -0.9844686146516917, -0.17556066406168297, 0.3797585138451096, -0.3797585138451096, 0.25145284395530587, 0.17556066406168297, -0.3797585138451096, 1.1127742845414954], [0.2514528439553058, -0.17556066406168291, -0.9844686146516917, -0.2514528439553058, 0.17556066406168291, 0.9844686146516917, -0.17556066406168291, -0.17556066406168291, 0.9844686146516917, -0.17556066406168291, 0.37975851384510956, 0.37975851384510956, 0.2514528439553058, -0.17556066406168291, 0.3797585138451096, 1.1127742845414954], [0.30619683124882247, 0.3682555054357002, -0.9297246273581748, -0.30619683124882247, 0.017134177312334326, 0.9297246273581748, 0.3682555054357002, -0.017134177312334326, 1.3271638732005893, -0.057142934397382175, 0.12360693643693432, -0.8831239641271531, -0.9248859528762342, -0.057142934397382175, 0.12360693643693432, 1.3689258619496703], [0.3061968312488226, 0.01713417731233427, 1.327163873200589, 0.9248859528762343, 0.3682555054357002, 0.9297246273581747, -0.05714293439738215, 0.05714293439738215, -0.9297246273581747, 0.3682555054357002, 0.12360693643693435, -0.12360693643693435, 0.3061968312488226, 0.01713417731233427, 0.8831239641271531, 1.3689258619496703], [0.8506335348242008, -0.5257590602476432, 0.0, 0.0, 0.5257590602476432, 0.8506335348242008, 0.0, 0.0, 0.0, 0.0, 1.698897861814961, 1.373409605645543, 0.0, 0.0, 1.373409605645543, 1.698897861814961]]]], "flat_cohom_classes": [[[-2, 4, 0, -5, 0, -5, 0, 0, 5, -5], [0.19230769230769232, 0.0, -0.15384615384615385, -0.07692307692307693, -0.19230769230769232, 0.0, 0.15384615384615385, 0.07692307692307693, 0.0, 0.0, 0.0, -0.19230769230769232, 0.0, 0.19230769230769232, -0.19230769230769232, 0.0, 0.0, -0.19230769230769232, 0.19230769230769232, 0.19230769230769232]]], "other_tet_nums": [1, 2, 1, 1, 0, 2, 0, 0, 3, 0, 1, 3, 2, 2, 4, 4, 3, 4, 4, 3]}, "m046": {"entering_face_nums": [0, 1, 2, 2, 0, 3, 2, 1, 2, 1, 0, 1, 3, 3, 3, 0], "flat_geometries": [["(0, 0)", [[0.5317048615275028, 0.8469297138653354, -0.5317048615275028, 0.5317048615275028], [0.9963682563794318, 0.08514867984537906, 0.9963682563794318, 0.9963682563794318], [-0.8891278493063723, 0.4576588987311672, 0.0, 0.0], [0.0, -1.0, 0.0, 0.0], [0.5317048615275022, 0.8469297138653358, -0.5317048615275022, 0.5317048615275022], [0.996368256379432, 0.08514867984537795, 0.996368256379432, 0.996368256379432], [-0.8891278493063722, 0.45765889873116733, 0.0, 0.0], [0.0, -1.0, 0.0, 0.0], [0.667700912597243, 0.7444296416161897, -0.667700912597243, 0.667700912597243], [0.35631386186906716, 0.9343663263623916, 0.35631386186906716, 0.35631386186906716], [-0.8891278493063726, -0.45765889873116683, 0.0, 0.0], [0.0, -1.0, 0.0, 0.0], [0.9963682563794317, 0.08514867984537942, -0.9963682563794317, 0.9963682563794317], [0.8891278493063726, 0.45765889873116694, 0.8891278493063726, 0.8891278493063726], [-0.5317048615275027, 0.8469297138653357, 0.0, 0.0], [0.0, -1.0, 0.0, 0.0]], [[-1.0, 6.661338147750936e-16, 1.2442264291527338, 1.2442264291527338, -6.661338147750936e-16, -1.0, 0.47447677800732707, 0.47447677800732707, 1.244226429152734, 0.4744767780073262, 0.11338619006481114, -0.8866138099351887, -1.244226429152734, -0.4744767780073262, 0.8866138099351891, 1.8866138099351888], [-0.4345798804560388, 0.9006332924685914, -0.12788678542363333, 0.12788678542363333, -0.9006332924685914, -0.4345798804560388, -1.4964686902709574, 1.4964686902709574, -1.1175155936506693, -0.42615651446126446, 0.12788678542363288, 0.668435117835809, -1.1175155936506693, -0.42615651446126446, -1.1278867854236325, 1.9242086886830745], [-1.0, -5.55111512312577e-17, -0.8576126192175455, 0.8576126192175455, 5.55111512312577e-17, -1.0, -1.6661475736120583, 1.6661475736120583, -0.8576126192175467, -1.666147573612061, -0.7557735708472665, 1.7557735708472682, -0.8576126192175467, -1.666147573612061, -1.7557735708472648, 2.7557735708472664], [0.8469297138653354, -0.5317048615275026, 0.0, 0.0, 0.5317048615275026, 0.8469297138653354, 0.0, 0.0, 0.0, 0.0, 1.0064908685759035, -0.11412216492284438, 0.0, 0.0, -0.11412216492284438, 1.0064908685759035], [-1.0, -8.326672684688675e-16, 1.2442264291527343, 1.2442264291527343, 8.326672684688675e-16, -1.0, 0.47447677800732607, 0.47447677800732607, 1.244226429152734, 0.47447677800732724, 0.11338619006481102, -0.8866138099351892, -1.244226429152734, -0.47447677800732724, 0.8866138099351888, 1.886613809935189], [-1.1108657334750378, -0.9963682563794318, 0.08514867984537834, 1.1108657334750378, 0.9963682563794318, 0.08514867984537834, 0.9963682563794318, -0.9963682563794318, -0.08514867984537834, 0.9963682563794318, 0.75096164530009, -0.75096164530009, -1.1108657334750378, -0.9963682563794318, -0.75096164530009, 1.9469760586205063], [-1.0, 5.551115123125804e-17, -0.8576126192175464, 0.8576126192175464, -5.551115123125804e-17, -1.0, -1.6661475736120603, 1.6661475736120603, -0.8576126192175456, -1.6661475736120586, -0.7557735708472664, 1.7557735708472653, -0.8576126192175456, -1.6661475736120586, -1.7557735708472677, 2.755773570847267], [-3.2901656124723835, 0.889127849306373, -0.4576588987311674, 3.2901656124723835, -0.889127849306373, 0.4576588987311674, 0.889127849306373, 0.889127849306373, 0.4576588987311674, 0.889127849306373, -0.19083744083988838, -0.19083744083988838, -3.2901656124723835, 0.889127849306373, -0.19083744083988838, 3.556987070363663], [0.6197859885571919, 0.9674723905511662, -0.25297662643258645, -0.6197859885571919, 0.25484466681303175, -0.25297662643258645, -0.9674723905511662, -0.25484466681303175, -0.8578891070424517, 1.2512129231924642, -0.9430377868878318, -1.4801445087031961, 0.4301792600730019, -1.2512129231924642, 0.9430377868878316, 1.9078543556726455], [-0.4345798804560385, -0.9006332924685915, -1.1175155936506693, 1.1175155936506693, 0.9006332924685915, -0.4345798804560385, -0.42615651446126435, 0.42615651446126435, -0.12788678542363327, -1.4964686902709579, 0.1278867854236326, 1.1278867854236332, -0.12788678542363327, -1.4964686902709579, -0.6684351178358091, 1.924208688683075], [0.6197859885571917, 0.25484466681303153, -0.8578891070424514, -0.4301792600730015, 0.9674723905511659, -0.2529766264325863, 1.2512129231924634, 1.2512129231924634, -0.2529766264325863, -0.9674723905511659, -0.943037786887831, -0.943037786887831, 0.6197859885571917, 0.25484466681303153, 1.4801445087031948, 1.9078543556726448], [-1.110865733475038, 0.9963682563794317, -0.085148679845378, 1.110865733475038, -0.9963682563794317, 0.085148679845378, 0.9963682563794317, 0.9963682563794317, 0.085148679845378, 0.9963682563794317, 0.7509616453000905, 0.7509616453000905, -1.110865733475038, 0.9963682563794317, 0.7509616453000905, 1.9469760586205065], [-0.08514867984537898, 0.9963682563794319, 0.08514867984537898, 0.08514867984537898, 0.9963682563794319, 0.08514867984537898, -0.9963682563794319, -0.9963682563794319, -1.672220650290936, 0.0, -0.29900360333010423, 1.3732170469608318, -1.672220650290936, 0.0, 0.29900360333010423, 1.9712242536210405], [-3.2901656124723835, -0.889127849306373, 0.4576588987311674, 3.2901656124723835, 0.889127849306373, 0.4576588987311674, 0.889127849306373, -0.889127849306373, -0.4576588987311674, 0.889127849306373, -0.19083744083988838, 0.19083744083988838, -3.2901656124723835, -0.889127849306373, 0.19083744083988838, 3.556987070363663], [0.8469297138653356, 0.5317048615275026, 0.0, 0.0, -0.5317048615275026, 0.8469297138653356, 0.0, 0.0, 0.0, 0.0, 1.0064908685759035, 0.11412216492284434, 0.0, 0.0, 0.11412216492284434, 1.0064908685759035], [-0.08514867984537909, 0.9963682563794318, -1.672220650290936, 1.672220650290936, 0.9963682563794318, 0.08514867984537909, 0.0, 0.0, 0.08514867984537909, -0.9963682563794318, -0.29900360333010423, -0.29900360333010423, -0.08514867984537909, 0.9963682563794318, -1.3732170469608318, 1.9712242536210403]]]], "flat_cohom_classes": [[[0, 1, 0, 0, 0, 0, 0, -1], [0.0, 0.0, -0.5, 0.0, 0.0, 0.0, 0.5, 0.0, 0.0, 0.0, 0.0, 0.0, 0.5, 0.0, 0.0, -0.5]]], "other_tet_nums": [1, 2, 1, 3, 0, 2, 0, 3, 2, 0, 2, 1, 3, 1, 0, 3]}, "m045": {"entering_face_nums": [0, 1, 3, 0, 0, 2, 3, 2, 3, 1, 1, 2, 1, 0, 3, 2], "flat_geometries": [["(0, 0)", [[0.9963682563794317, 0.08514867984537942, -0.9963682563794317, 0.9963682563794317], [0.8891278493063726, 0.45765889873116694, 0.8891278493063726, 0.8891278493063726], [-0.5317048615275027, 0.8469297138653357, 0.0, 0.0], [0.0, -1.0, 0.0, 0.0], [0.8891278493063727, 0.4576588987311669, -0.8891278493063727, 0.8891278493063727], [0.5317048615275026, 0.8469297138653356, 0.5317048615275026, 0.5317048615275026], [-0.9963682563794319, 0.08514867984537933, 0.0, 0.0], [0.0, -1.0, 0.0, 0.0], [0.5317048615275026, 0.8469297138653357, -0.5317048615275026, 0.5317048615275026], [0.9963682563794316, 0.08514867984537935, 0.9963682563794316, 0.9963682563794316], [-0.8891278493063723, 0.4576588987311669, 0.0, 0.0], [0.0, -1.0, 0.0, 0.0], [0.8891278493063723, -0.4576588987311671, -0.8891278493063723, 0.8891278493063723], [0.667700912597243, 0.7444296416161901, 0.667700912597243, 0.667700912597243], [-0.35631386186906727, 0.9343663263623916, 0.0, 0.0], [0.0, -1.0, 0.0, 0.0]], [[-0.9248678159582336, 0.38028873636310495, 0.9703068057459572, 0.9703068057459572, -0.38028873636310495, -0.9248678159582336, 0.911993597890608, 0.911993597890608, 3.89890143189822, 1.4868179503588836, -1.0519298583636278, -4.185524629014181, -3.89890143189822, -1.4868179503588836, 1.371052167784764, 4.504646938435317], [-0.9248678159582329, -0.38028873636310456, -1.198551135591645, 1.198551135591645, 0.38028873636310456, -0.9248678159582329, -0.15141612516439784, 0.15141612516439784, -3.29315592536112, -1.8671066867219874, -0.5603065167493738, 3.6939012873999255, -3.29315592536112, -1.8671066867219874, -0.8794288261705097, 4.0130235968210615], [0.8469297138653356, 0.5317048615275026, 0.0, 0.0, -0.5317048615275026, 0.8469297138653356, 0.0, 0.0, 0.0, 0.0, 1.0064908685759035, 0.11412216492284434, 0.0, 0.0, 0.11412216492284434, 1.0064908685759035], [-0.8469297138653357, 0.5317048615275027, -1.120613033498748, 1.120613033498748, 0.5317048615275027, 0.8469297138653357, 0.0, 0.0, 0.8469297138653357, -0.5317048615275027, -0.44618435182652966, -0.44618435182652966, -0.8469297138653357, 0.5317048615275027, -0.6744286816722184, 1.566797385325278], [-0.9248678159582328, -0.38028873636310445, 3.898901431898217, 3.898901431898217, 0.38028873636310445, -0.9248678159582328, 1.4868179503588823, 1.4868179503588823, 0.9703068057459565, 0.9119935978906065, -1.051929858363626, -1.3710521677847618, -0.9703068057459565, -0.9119935978906065, 4.1855246290141785, 4.504646938435314], [0.043557563793966345, 0.5096893336260626, 0.8603585201460029, -0.043557563793966345, -1.0771703989086576, -0.8603585201460029, 0.5096893336260626, 1.0771703989086576, 0.3910575571251401, -0.9963682563794318, 0.5371067218153638, 0.6589076915050529, -0.5613549168158987, -0.9963682563794318, 0.5371067218153637, 1.6113201654460916], [-0.08514867984537933, -0.9963682563794318, 1.672220650290936, 1.672220650290936, -0.9963682563794318, 0.08514867984537933, 0.0, 0.0, -0.08514867984537933, -0.9963682563794318, -0.29900360333010423, 0.29900360333010423, -0.08514867984537933, -0.9963682563794318, 1.3732170469608318, 1.9712242536210403], [-0.9343663263623915, -0.35631386186906727, -0.9343663263623915, 0.9343663263623915, -0.35631386186906727, 0.9343663263623915, -0.35631386186906727, 0.35631386186906727, 1.3316259309094194, 0.0, -0.37548082265004434, -0.9561451082593749, -1.3316259309094194, 0.0, -0.37548082265004445, 1.7071067535594637], [-0.8469297138653356, 0.5317048615275026, 0.8469297138653356, 0.8469297138653356, 0.5317048615275026, 0.8469297138653356, -0.5317048615275026, -0.5317048615275026, -1.1206130334987479, 0.0, -0.4461843518265296, 0.6744286816722183, -1.1206130334987479, 0.0, 0.44618435182652966, 1.5667973853252777], [-0.9248678159582338, 0.38028873636310495, -3.2931559253611233, 3.2931559253611233, -0.38028873636310495, -0.9248678159582338, -1.8671066867219892, 1.8671066867219892, -1.1985511355916463, -0.1514161251643978, -0.5603065167493748, 0.879428826170511, -1.1985511355916463, -0.1514161251643978, -3.69390128739993, 4.013023596821066], [0.04355756379396666, -1.0771703989086578, 0.39105755712513995, 0.5613549168158989, 0.5096893336260627, -0.8603585201460028, -0.996368256379432, 0.996368256379432, 0.8603585201460028, 0.5096893336260627, 0.5371067218153637, -0.5371067218153637, 0.04355756379396666, -1.0771703989086578, -0.6589076915050531, 1.6113201654460918], [-0.08514867984537933, -0.9963682563794317, -0.08514867984537933, 0.08514867984537933, -0.9963682563794317, 0.08514867984537933, -0.9963682563794317, 0.9963682563794317, 1.6722206502909358, 0.0, -0.29900360333010423, -1.3732170469608316, -1.6722206502909358, 0.0, -0.2990036033301041, 1.97122425362104], [-6.815119431699519, 0.9674723905511636, 0.25297662643258595, 6.815119431699519, -3.4698982369360847, -0.25297662643258595, 0.9674723905511636, 3.4698982369360847, 1.6026487049206497, 0.6111585286820976, 0.5433087692372502, -1.495721243178288, -7.749485758061911, 0.6111585286820976, 0.54330876923725, 7.856413219804272], [-6.81511943169954, -3.469898236936094, 1.602648704920655, 7.749485758061933, 0.9674723905511673, -0.25297662643258634, 0.6111585286820994, -0.6111585286820994, 0.25297662643258634, 0.9674723905511673, 0.5433087692372516, -0.5433087692372516, -6.81511943169954, -3.469898236936094, 1.4957212431782927, 7.8564132198042955], [-0.9343663263623917, -0.3563138618690673, 1.3316259309094198, 1.3316259309094198, -0.3563138618690673, 0.9343663263623917, 0.0, 0.0, -0.9343663263623917, -0.3563138618690673, -0.3754808226500444, 0.3754808226500444, -0.9343663263623917, -0.3563138618690673, 0.9561451082593754, 1.707106753559464], [0.8469297138653354, -0.5317048615275026, 0.0, 0.0, 0.5317048615275026, 0.8469297138653354, 0.0, 0.0, 0.0, 0.0, 1.0064908685759035, -0.11412216492284438, 0.0, 0.0, -0.11412216492284438, 1.0064908685759035]]]], "flat_cohom_classes": [[[-1, 0, 0, 0, 0, 0, 1, 0], [0.0, 0.0, 0.0, -0.5, 0.0, 0.5, 0.0, 0.0, 0.5, 0.0, -0.5, 0.0, 0.0, 0.0, 0.0, 0.0]]], "other_tet_nums": [1, 2, 3, 2, 0, 2, 2, 3, 0, 0, 1, 1, 3, 3, 1, 0]}, "m044": {"entering_face_nums": [0, 1, 3, 3, 0, 1, 2, 3, 0, 2, 2, 2, 0, 3, 1, 1], "flat_geometries": [["(0, 0)", [[0.9923548022156095, 0.12341777230050262, -0.9923548022156095, 0.9923548022156095], [0.7693158948487473, 0.6388685732864555, 0.7693158948487473, 0.7693158948487473], [-0.728931550623049, 0.6845865865661386, 0.0, 0.0], [0.0, -1.0, 0.0, 0.0], [0.9923548022156096, 0.12341777230050144, -0.9923548022156096, 0.9923548022156096], [0.7693158948487467, 0.638868573286456, 0.7693158948487467, 0.7693158948487467], [-0.7289315506230489, 0.6845865865661388, 0.0, 0.0], [0.0, -1.0, 0.0, 0.0], [0.625270532095423, 0.7804080738261915, -0.625270532095423, 0.625270532095423], [0.9340208859354677, 0.3572183990730657, 0.9340208859354677, 0.9340208859354677], [-0.9522755789690223, 0.3052396135812214, 0.0, 0.0], [0.0, -1.0, 0.0, 0.0], [0.3407735411380243, 0.9401454109127222, -0.3407735411380243, 0.3407735411380243], [0.2788184793007411, 0.9603438215558125, 0.2788184793007411, 0.2788184793007411], [-0.5893896785738527, -0.8078488762080509, 0.0, 0.0], [0.0, -1.0, 0.0, 0.0]], [[-0.9999999999999998, -9.436895709313829e-16, 1.8830609002883851, 1.8830609002883851, 9.436895709313829e-16, -0.9999999999999998, 0.9402622896404209, 0.9402622896404209, 1.8830609002883856, 0.9402622896404234, -1.2150057637573777, -2.215005763757378, -1.8830609002883856, -0.9402622896404234, 2.2150057637573766, 3.215005763757377], [-1.2277472175980924, -2.094666699558864, -0.2605107540109757, 2.2277472175980937, -2.094666699558863, -1.0000000000000004, -8.881784197001256e-16, 2.0946666995588634, -0.26051075401097334, 8.881784197001256e-16, -1.0000000000000002, 0.26051075401097346, -2.227747217598093, -2.094666699558864, -0.26051075401097534, 3.2277472175980937], [0.6845865865661387, 0.7289315506230492, 0.0, 0.0, -0.7289315506230492, 0.6845865865661387, 0.0, 0.0, 0.0, 0.0, 1.0325806377326379, 0.25733785850578045, 0.0, 0.0, 0.25733785850578045, 1.0325806377326379], [-1.0, 0.0, -1.0, 1.0, 0.0, -1.0, 0.0, 0.0, -1.0, 0.0, 0.5, 0.5, -1.0, 0.0, -0.5, 1.5], [-1.0000000000000004, 8.881784197001254e-16, 1.8830609002883865, 1.8830609002883865, -8.881784197001254e-16, -1.0000000000000004, 0.9402622896404237, 0.9402622896404237, 1.8830609002883865, 0.9402622896404216, -1.215005763757378, -2.215005763757378, -1.8830609002883865, -0.9402622896404216, 2.215005763757379, 3.215005763757379], [-1.227747217598092, -2.0946666995588625, -0.2605107540109734, 2.227747217598092, -2.0946666995588634, -1.0000000000000002, 6.661338147750935e-16, 2.094666699558863, -0.26051075401097484, -6.661338147750935e-16, -1.0000000000000002, 0.26051075401097495, -2.227747217598093, -2.094666699558862, -0.2605107540109733, 3.227747217598092], [-0.48518076925201553, 0.8744138729160364, 0.0, 0.0, 0.8744138729160364, 0.48518076925201553, 0.0, 0.0, 0.0, 0.0, -1.01078496286788, 0.14726249067505848, 0.0, 0.0, -0.14726249067505848, 1.01078496286788], [-1.0, 0.0, -1.0, 1.0, 0.0, -1.0, 0.0, 0.0, -1.0, 0.0, 0.5, 0.5, -1.0, 0.0, -0.5, 1.5], [-0.946772722638345, 0.32190279847801206, 0.47056161017674386, 0.47056161017674386, -0.32190279847801206, -0.946772722638345, 0.6693364866010811, 0.6693364866010811, 1.3704422045448053, 0.9998460284206497, 0.5838398962837958, -1.4895210441745512, -1.3704422045448053, -0.9998460284206497, -0.10153120584471795, 1.971829734613629], [1.3228017682663797, 0.965088560468156, 0.2619237874907551, -1.3228017682663797, 0.19109412845214488, -0.2619237874907551, 0.965088560468156, -0.19109412845214488, 0.5575510983582619, -0.7642092228814755, -0.33077283478561864, 0.06549528112564228, -1.0474658521107263, -0.7642092228814755, -0.33077283478561864, 1.6705122315946306], [-0.48518076925201553, 0.8744138729160364, 0.0, 0.0, 0.8744138729160364, 0.48518076925201553, 0.0, 0.0, 0.0, 0.0, -1.01078496286788, 0.14726249067505853, 0.0, 0.0, -0.14726249067505853, 1.01078496286788], [0.6845865865661388, -0.728931550623049, 0.0, 0.0, 0.728931550623049, 0.6845865865661388, 0.0, 0.0, 0.0, 0.0, 1.0325806377326379, -0.2573378585057804, 0.0, 0.0, -0.2573378585057804, 1.0325806377326379], [-0.9467727226383447, -0.32190279847801206, 1.3704422045448048, 1.3704422045448048, 0.32190279847801206, -0.9467727226383447, 0.9998460284206496, 0.9998460284206496, 0.47056161017674364, 0.6693364866010811, 0.5838398962837954, 0.1015312058447177, -0.47056161017674364, -0.6693364866010811, 1.489521044174551, 1.9718297346136289], [-0.19601691405324928, -0.27881847930074105, 0.9603438215558125, 0.19601691405324928, 0.27881847930074105, 0.9603438215558125, 0.27881847930074105, -0.27881847930074105, -0.9603438215558125, 0.27881847930074105, -0.09556177802396054, 0.09556177802396054, -0.19601691405324928, -0.27881847930074105, 0.09556177802396057, 1.0607989575851011], [1.32280176826638, 0.1910941284521448, 0.5575510983582619, 1.0474658521107265, 0.965088560468156, -0.26192378749075523, -0.7642092228814755, 0.7642092228814755, 0.26192378749075523, 0.965088560468156, -0.33077283478561853, 0.33077283478561853, 1.32280176826638, 0.1910941284521448, -0.0654952811256423, 1.670512231594631], [-0.19601691405324922, 0.27881847930074105, -0.9603438215558125, 0.19601691405324922, -0.27881847930074105, 0.9603438215558125, 0.27881847930074105, 0.27881847930074105, 0.9603438215558125, 0.27881847930074105, -0.09556177802396046, -0.09556177802396046, -0.19601691405324922, 0.27881847930074105, -0.09556177802396046, 1.0607989575851013]]], ["(24, -7)", [[0.99954473541928, -0.030171541153896097, -0.99954473541928, 0.99954473541928], [0.7466517065841376, 0.6652151750035433, 0.7466517065841376, 0.7466517065841376], [-0.6423846934029768, 0.7663823495368116, 0.0, 0.0], [0.0, -1.0, 0.0, 0.0], [0.9645271131735849, 0.26398380244444986, -0.9645271131735849, 0.9645271131735849], [0.7790630937076479, 0.6269455287524339, 0.7790630937076479, 0.7790630937076479], [-0.8103659987857534, 0.5859240121483059, 0.0, 0.0], [0.0, -1.0, 0.0, 0.0], [0.6283591745561449, 0.7779233559619613, -0.6283591745561449, 0.6283591745561449], [0.9320080108600773, 0.36243767421812284, 0.9320080108600773, 0.9320080108600773], [-0.952771837391452, 0.3036870525289424, 0.0, 0.0], [0.0, -1.0, 0.0, 0.0], [0.34066123911641877, 0.940186109322865, -0.34066123911641877, 0.34066123911641877], [0.27971572324949473, 0.9600828683853349, 0.27971572324949473, 0.27971572324949473], [-0.5900478571569674, -0.8073682717722259, 0.0, 0.0], [0.0, -1.0, 0.0, 0.0]], [[-0.9561231999823983, 0.29296488945847854, 1.5561237495475968, 1.5561237495475968, -0.29296488945847854, -0.9561231999823983, 1.1227995344624688, 1.1227995344624688, 2.1965213946732103, 0.746741745846527, -1.2078490832555508, -2.416863438460754, -2.1965213946732103, -0.746741745846527, 2.0349691217353847, 3.243983476940588], [-1.1681667830883367, -1.8275187293870525, -0.1801537283811457, 1.9331046803577518, -2.3742955210262133, -0.9987424680802728, 0.05013464324123575, 2.374295521026213, -0.3549950653524802, -0.05013464324123575, -0.9987424680802729, 0.3549950653524801, -2.4754624518866573, -1.8275187293870523, -0.1801537283811457, 3.240400349156072], [0.7663823495368117, 0.6423846934029767, 0.0, 0.0, -0.6423846934029767, 0.7663823495368117, 0.0, 0.0, 0.0, 0.0, 1.0428472962188071, 0.29585551073264893, 0.0, 0.0, 0.29585551073264893, 1.0428472962188071], [-1.0, 0.0, -1.0, 1.0, 0.0, -1.0, 0.0, 0.0, -1.0, 0.0, 0.5, 0.5, -1.0, 0.0, -0.5, 1.5], [-0.9561231999823985, -0.29296488945847865, 2.1965213946732103, 2.1965213946732103, 0.29296488945847865, -0.9561231999823985, 0.7467417458465267, 0.7467417458465267, 1.5561237495475972, 1.122799534462469, -1.2078490832555502, -2.0349691217353847, -1.5561237495475972, -1.122799534462469, 2.4168634384607532, 3.243983476940588], [-1.1681667830883375, -2.3742955210262147, -0.3549950653524796, 2.475462451886659, -1.827518729387053, -0.9987424680802737, -0.05013464324123562, 1.827518729387053, -0.1801537283811454, 0.05013464324123551, -0.9987424680802732, 0.18015372838114518, -1.933104680357753, -2.374295521026215, -0.3549950653524796, 3.240400349156074], [-0.59415636536741, 0.8043495592672308, 0.0, 0.0, 0.8043495592672308, 0.59415636536741, 0.0, 0.0, 0.0, 0.0, -1.0163677320381335, 0.18166828762428266, 0.0, 0.0, -0.18166828762428266, 1.0163677320381335], [-1.0, 0.0, -1.0, 1.0, 0.0, -1.0, 0.0, 0.0, -1.0, 0.0, 0.5, 0.5, -1.0, 0.0, -0.5, 1.5], [-0.9454503484077289, 0.32576623320366394, 0.4689355099518862, 0.4689355099518862, -0.32576623320366394, -0.9454503484077289, 0.6740169251923266, 0.6740169251923266, 1.3679396183690418, 0.9997294527898969, 0.5784508731536423, -1.4850330605516626, -1.3679396183690418, -0.9997294527898969, -0.09383357923347828, 1.9696503544718265], [1.3222378206189516, 0.966329270031329, 0.2573086510024853, -1.3222378206189516, 0.18804853182885378, -0.2573086510024853, 0.966329270031329, -0.18804853182885378, 0.5592800938818949, -0.7652684394274681, -0.3249119760929902, 0.06322815832321595, -1.0471243135419421, -0.7652684394274681, -0.3249119760929902, 1.6696325657470532], [-0.5941563653674102, 0.804349559267231, 0.0, 0.0, 0.804349559267231, 0.5941563653674102, 0.0, 0.0, 0.0, 0.0, -1.0163677320381335, 0.18166828762428278, 0.0, 0.0, -0.18166828762428278, 1.0163677320381335], [0.7663823495368117, -0.6423846934029767, 0.0, 0.0, 0.6423846934029767, 0.7663823495368117, 0.0, 0.0, 0.0, 0.0, 1.0428472962188071, -0.2958555107326489, 0.0, 0.0, -0.2958555107326489, 1.0428472962188071], [-0.9454503484077289, -0.3257662332036641, 1.3679396183690418, 1.3679396183690418, 0.3257662332036641, -0.9454503484077289, 0.9997294527898972, 0.9997294527898972, 0.4689355099518862, 0.6740169251923271, 0.5784508731536421, 0.0938335792334779, -0.4689355099518862, -0.6740169251923271, 1.4850330605516624, 1.9696503544718265], [-0.1946073316870111, -0.2797157232494947, 0.9600828683853347, 0.1946073316870111, 0.2797157232494947, 0.9600828683853347, 0.2797157232494947, -0.2797157232494947, -0.9600828683853347, 0.2797157232494947, -0.09404971080129537, 0.09404971080129537, -0.1946073316870111, -0.2797157232494947, 0.0940497108012954, 1.0606404892710504], [1.3222378206189516, 0.18804853182885373, 0.5592800938818949, 1.0471243135419421, 0.9663292700313291, -0.25730865100248507, -0.7652684394274683, 0.7652684394274683, 0.25730865100248507, 0.9663292700313291, -0.3249119760929901, 0.3249119760929901, 1.3222378206189516, 0.18804853182885373, -0.06322815832321606, 1.6696325657470532], [-0.1946073316870109, 0.2797157232494946, -0.9600828683853347, 0.1946073316870109, -0.2797157232494946, 0.9600828683853347, 0.2797157232494946, 0.2797157232494946, 0.9600828683853347, 0.2797157232494946, -0.09404971080129518, -0.09404971080129518, -0.1946073316870109, 0.2797157232494946, -0.09404971080129518, 1.0606404892710504]]]], "flat_cohom_classes": [[[0, -13, -2, -9, 0, -5, 0, 5], [0.2647058823529412, -0.058823529411764705, 0.38235294117647056, 0.0, -0.2647058823529412, 0.058823529411764705, 0.0, 0.0, 0.0, -0.14705882352941177, 0.0, -0.38235294117647056, 0.0, -0.14705882352941177, 0.14705882352941177, 0.14705882352941177]]], "other_tet_nums": [1, 1, 2, 1, 0, 0, 2, 0, 3, 3, 1, 0, 2, 3, 2, 3]}, "m043": {"entering_face_nums": [0, 2, 3, 1, 0, 3, 1, 2, 0, 3, 3, 2, 0, 2, 1, 1], "flat_geometries": [["(0, 0)", [[0.6876505662152469, 0.7260418023666753, -0.6876505662152469, 0.6876505662152469], [0.9965847815170525, 0.08257586359590055, 0.9965847815170525, 0.9965847815170525], [-0.780345550341274, 0.6253485604545471, 0.0, 0.0], [0.0, -1.0, 0.0, 0.0], [0.9965847815170525, 0.08257586359590101, -0.9965847815170525, 0.9965847815170525], [0.7803455503412742, 0.6253485604545469, 0.7803455503412742, 0.7803455503412742], [-0.687650566215247, 0.7260418023666751, 0.0, 0.0], [0.0, -1.0, 0.0, 0.0], [0.8726282316027905, 0.4883850626399077, -0.8726282316027905, 0.8726282316027905], [0.5350257371812016, 0.8448357595140678, 0.5350257371812016, 0.5350257371812016], [-0.9985261129867653, 0.05427339756769923, 0.0, 0.0], [0.0, -1.0, 0.0, 0.0], [0.3246862511535965, 0.9458217793600566, -0.3246862511535965, 0.3246862511535965], [0.41465909112441945, 0.9099768338523077, 0.41465909112441945, 0.41465909112441945], [-0.6876505662152472, -0.726041802366675, 0.0, 0.0], [0.0, -1.0, 0.0, 0.0]], [[-0.7452556181288521, -0.6667788716264057, 1.5691675258247866, 1.5691675258247866, 0.6667788716264057, -0.7452556181288521, 0.11356667871486864, 0.11356667871486864, 1.2308613985105676, 1.2727454219698393, -0.3858032300639584, -1.5112064133718985, -1.2308613985105676, -1.2727454219698393, 1.274373668491778, 2.399776851799718], [-0.5343391877235971, -0.6667788716264058, 0.7452556181288518, 0.5343391877235971, -1.8787119723132721, -0.7452556181288518, -0.6667788716264058, 1.8787119723132721, 0.500054622853393, -0.780345550341274, -0.37962668848202485, -0.055769403639483336, -1.7507517437624867, -0.780345550341274, -0.37962668848202474, 2.1950369629763964], [0.625348560454547, 0.780345550341274, 0.0, 0.0, -0.780345550341274, 0.625348560454547, 0.0, 0.0, 0.0, 0.0, 1.0696337796684565, -0.3796266884820248, 0.0, 0.0, -0.3796266884820248, 1.0696337796684565], [0.6253485604545467, 0.7803455503412741, -0.8239119076959345, 0.8239119076959345, -0.7803455503412741, 0.6253485604545467, -0.7803455503412742, 0.7803455503412742, -0.06465853073188499, 0.7803455503412741, 0.6253485604545468, 0.06465853073188493, -0.06465853073188499, 0.7803455503412741, -0.8239119076959345, 1.5139189988823663], [-0.7452556181288521, 0.6667788716264056, 1.2308613985105679, 1.2308613985105679, 